
QGC WPL 110
1	0	3	16	0.0	0.0	0.0	0.0	-35.3634872437	149.165267944	10.0	1
2	0	3	16	0.0	0.0	0.0	0.0	-35.363609314	149.165359497	10.0	1
3	0	3	16	0.0	0.0	0.0	0.0	-35.363609314	149.165664673	10.0	1
4	0	3	16	0.0	0.0	0.0	0.0	-35.363483429	149.165756226	10.0	1
5	0	3	16	0.0	0.0	0.0	0.0	-35.3632507324	149.165740967	10.0	1
6	0	3	16	0.0	0.0	0.0	0.0	-35.3631019592	149.165725708	10.0	1
7	0	3	16	0.0	0.0	0.0	0.0	-35.36302948	149.165618896	10.0	1
8	0	3	16	0.0	0.0	0.0	0.0	-35.36302948	149.165390015	10.0	1
9	0	3	16	0.0	0.0	0.0	0.0	-35.3630981445	149.165206909	10.0	1